TABLE NO.     1: MCMC Bayesian Analysis: Problem=1 Subproblem=0 Superproblem1=0 Iteration1=0 Superproblem2=0 Iteration2=0
 NAME         THETA1       THETA2       THETA3       THETA4       THETA5       THETA6       THETA7       THETA8       THETA9       THETA10      THETA11      THETA12      THETA13      THETA14      THETA15      THETA16      THETA17      THETA18      THETA19      THETA20      SIGMA(1,1)   SIGMA(2,1)   SIGMA(2,2)   OMEGA(1,1)   OMEGA(2,1)   OMEGA(2,2)   OMEGA(3,1)   OMEGA(3,2)   OMEGA(3,3)   OMEGA(4,1)   OMEGA(4,2)   OMEGA(4,3)   OMEGA(4,4)
 THETA1        7.97390E+02 -2.92527E+02  1.81585E+02  1.08071E+02  1.64524E+02  9.07869E+01 -7.71113E+01  4.80278E+02 -3.75821E+01 -1.60375E+02  1.59890E+01 -1.77259E+02  1.44145E+01 -2.06969E+01 -1.21582E+01  0.00000E+00  0.00000E+00  0.00000E+00  0.00000E+00  0.00000E+00 -1.62885E+03  0.00000E+00 -1.60178E-01  5.41477E+01  1.07293E+02  3.15123E+01 -2.27231E+01 -3.78258E+01 -4.41264E+01  1.49755E+02  1.32051E+01  3.58456E+01 -6.53552E+01
 THETA2       -2.92527E+02  9.16975E+02 -2.15087E+02 -1.52631E+02 -2.27178E+02 -4.57602E+01  2.09411E+01 -1.76753E+02  1.29479E+02  5.58799E+02 -3.91542E+01  1.07035E+02 -4.99140E+01  2.05783E+01  3.62072E+00  0.00000E+00  0.00000E+00  0.00000E+00  0.00000E+00  0.00000E+00 -2.99706E+03  0.00000E+00 -2.57369E-01 -8.87134E+00 -2.04609E+02 -8.71535E+01 -9.25980E+01 -1.35487E+02 -2.79161E+01  2.04874E+02  4.17678E+01  1.27015E+02 -4.03939E+01
 THETA3        1.81585E+02 -2.15087E+02  4.74748E+02 -1.31124E+02  1.23064E+02  1.48353E+01 -1.47583E+01  1.12282E+02 -2.43603E+01 -1.64775E+02  4.75322E+01  8.51273E+01 -2.84587E+01  1.56491E+01  1.90659E-01  0.00000E+00  0.00000E+00  0.00000E+00  0.00000E+00  0.00000E+00 -8.10754E+01  0.00000E+00  3.67349E-01  4.71544E+01  1.27281E+02  2.56068E+01  1.40361E+01  9.29598E+00 -2.55365E+01  6.79037E+00 -5.04726E+01  8.74710E+00 -7.02063E+01
 THETA4        1.08071E+02 -1.52631E+02 -1.31124E+02  3.06555E+03  1.33207E+02  2.35437E+01  1.96085E+01  7.79215E+01  5.40761E-01 -2.04465E+02 -5.63415E-01 -1.45814E+02 -4.65338E+00 -2.75311E+01  3.17709E+01  0.00000E+00  0.00000E+00  0.00000E+00  0.00000E+00  0.00000E+00 -4.44202E+03  0.00000E+00  2.60249E-01 -4.97377E+02  6.29081E+01  4.79231E+00 -3.89732E+01  2.39537E+02  9.84054E+01 -1.48978E+02 -2.70153E+02 -1.68181E+02 -2.02882E+02
 THETA5        1.64524E+02 -2.27178E+02  1.23064E+02  1.33207E+02  1.33924E+02  1.91883E+01 -1.26416E+01  1.07393E+02 -3.35581E+01 -1.38239E+02  1.46514E+01 -5.10528E+01  2.42662E+00 -9.13034E+00 -4.35556E+00  0.00000E+00  0.00000E+00  0.00000E+00  0.00000E+00  0.00000E+00 -1.42097E+02  0.00000E+00  7.14517E-02  4.37715E+01  8.69623E+01  2.08353E+01  2.95352E-01 -2.26590E+01 -3.09364E+01  1.13322E+01 -9.34072E+00 -5.96394E+00 -5.59570E+01
 THETA6        9.07869E+01 -4.57602E+01  1.48353E+01  2.35437E+01  1.91883E+01  5.13859E+01 -3.38914E+00  5.55744E+01 -2.18267E+01 -3.28919E+01  1.24375E+01 -2.36586E+01  5.14546E+00 -1.78406E+00  1.06269E+00  0.00000E+00  0.00000E+00  0.00000E+00  0.00000E+00  0.00000E+00 -3.66141E+02  0.00000E+00 -1.00774E-01 -1.44079E+00  4.16959E+00 -6.69689E+00 -1.68386E+00 -1.23252E+01 -6.31030E+00  1.20785E+01  2.55753E+01  4.39904E+00 -6.01413E+00
 THETA7       -7.71113E+01  2.09411E+01 -1.47583E+01  1.96085E+01 -1.26416E+01 -3.38914E+00  1.12114E+02 -6.39898E+01 -1.80863E+00  9.13273E+00  1.52858E+00  3.15970E+01  1.22732E+01 -5.31217E+00  1.24961E+00  0.00000E+00  0.00000E+00  0.00000E+00  0.00000E+00  0.00000E+00  2.67435E+02  0.00000E+00  1.04154E-02 -2.63707E+01 -2.92875E+00  1.91866E+00 -8.12941E+00  8.84637E+00  5.13146E+00 -5.11868E+01 -2.43059E+01 -2.70905E+01 -9.51564E+00
 THETA8        4.80278E+02 -1.76753E+02  1.12282E+02  7.79215E+01  1.07393E+02  5.55744E+01 -6.39898E+01  4.93992E+02 -2.85139E+01 -1.64430E+02  7.24804E+00 -1.26980E+02 -2.37542E+00 -3.55096E+00 -8.37847E+00  0.00000E+00  0.00000E+00  0.00000E+00  0.00000E+00  0.00000E+00 -6.79893E+02  0.00000E+00 -1.53063E-01  6.54412E+01  1.26248E+02  1.45039E+01  8.94213E+00 -1.87991E+01 -2.23554E+01  3.94755E+01 -1.65178E-01  2.51546E+01 -4.78281E+00
 THETA9       -3.75821E+01  1.29479E+02 -2.43603E+01  5.40761E-01 -3.35581E+01 -2.18267E+01 -1.80863E+00 -2.85139E+01  6.16036E+01  6.56368E+01 -1.71751E+01  1.46164E+01 -8.63675E+00  3.18408E+00  8.59875E+00  0.00000E+00  0.00000E+00  0.00000E+00  0.00000E+00  0.00000E+00 -2.61454E+01  0.00000E+00  1.36071E-01 -1.90505E-01 -8.72883E+00 -4.49773E+00 -8.80591E+00 -9.41926E+00 -3.79697E+00 -1.86570E+01 -8.84053E+00 -8.85034E+00  2.27950E+01
 THETA10      -1.60375E+02  5.58799E+02 -1.64775E+02 -2.04465E+02 -1.38239E+02 -3.28919E+01  9.13273E+00 -1.64430E+02  6.56368E+01  8.15490E+02 -2.69254E+01 -2.84341E+01 -1.21358E+01  2.45939E+01  1.77482E+01  0.00000E+00  0.00000E+00  0.00000E+00  0.00000E+00  0.00000E+00 -1.42751E+03  0.00000E+00 -7.58703E-01 -2.63437E+01 -7.63047E+01 -9.48441E+00 -6.33676E+01 -3.69849E+01 -2.46268E+01  1.46926E+02 -8.98206E+01  9.34412E+01 -1.71978E+02
 THETA11       1.59890E+01 -3.91542E+01  4.75322E+01 -5.63415E-01  1.46514E+01  1.24375E+01  1.52858E+00  7.24804E+00 -1.71751E+01 -2.69254E+01  3.20945E+01  3.56436E+00  5.71966E-01  1.25556E+00  1.64367E+00  0.00000E+00  0.00000E+00  0.00000E+00  0.00000E+00  0.00000E+00 -2.46138E+02  0.00000E+00 -4.81910E-02 -4.98381E+00  4.19407E+00 -4.84763E+00 -7.32569E+00 -4.13198E+00 -3.83871E+00 -9.84728E+00 -1.36970E+01 -1.21945E+01 -1.83056E+01
 THETA12      -1.77259E+02  1.07035E+02  8.51273E+01 -1.45814E+02 -5.10528E+01 -2.36586E+01  3.15970E+01 -1.26980E+02  1.46164E+01 -2.84341E+01  3.56436E+00  1.16956E+03 -6.96323E+01  7.98995E+01  4.16346E+01  0.00000E+00  0.00000E+00  0.00000E+00  0.00000E+00  0.00000E+00  1.17811E+02  0.00000E+00  3.30152E-01  5.82088E+01 -4.67490E+01 -8.93236E+00  1.27224E+01  1.45257E+01  1.27783E+01  1.22718E+02  6.73578E+00  6.12298E+01  3.76300E+02
 THETA13       1.44145E+01 -4.99140E+01 -2.84587E+01 -4.65338E+00  2.42662E+00  5.14546E+00  1.22732E+01 -2.37542E+00 -8.63675E+00 -1.21358E+01  5.71966E-01 -6.96323E+01  4.32746E+02 -1.69553E+02  8.31111E+01  0.00000E+00  0.00000E+00  0.00000E+00  0.00000E+00  0.00000E+00 -2.27667E+02  0.00000E+00  3.26127E-01 -6.89894E+01 -6.04985E+00  2.62024E+01 -1.92028E+01  3.36899E+01  1.08648E+01 -4.71900E+00 -1.35576E+01 -1.66552E+02  1.72710E+02
 THETA14      -2.06969E+01  2.05783E+01  1.56491E+01 -2.75311E+01 -9.13034E+00 -1.78406E+00 -5.31217E+00 -3.55096E+00  3.18408E+00  2.45939E+01  1.25556E+00  7.98995E+01 -1.69553E+02  1.45033E+02  1.14451E+01  0.00000E+00  0.00000E+00  0.00000E+00  0.00000E+00  0.00000E+00  5.43181E+02  0.00000E+00 -1.14867E-01  2.23725E+01  2.47062E+01 -1.96917E+01  5.75449E+01  6.20117E+00  2.79836E+00 -7.31191E+01 -3.25024E+01  3.80661E+01 -3.98803E+01
 THETA15      -1.21582E+01  3.62072E+00  1.90659E-01  3.17709E+01 -4.35556E+00  1.06269E+00  1.24961E+00 -8.37847E+00  8.59875E+00  1.77482E+01  1.64367E+00  4.16346E+01  8.31111E+01  1.14451E+01  9.24059E+01  0.00000E+00  0.00000E+00  0.00000E+00  0.00000E+00  0.00000E+00  1.48719E+02  0.00000E+00 -2.11920E-02 -3.64077E+01 -7.91494E+00 -1.17763E+01 -2.83998E+00  1.43274E+01  2.96785E-01 -9.40073E+01 -3.50473E+01 -6.13325E+01  6.02101E+01
 THETA16       0.00000E+00  0.00000E+00  0.00000E+00  0.00000E+00  0.00000E+00  0.00000E+00  0.00000E+00  0.00000E+00  0.00000E+00  0.00000E+00  0.00000E+00  0.00000E+00  0.00000E+00  0.00000E+00  0.00000E+00  0.00000E+00  0.00000E+00  0.00000E+00  0.00000E+00  0.00000E+00  0.00000E+00  0.00000E+00  0.00000E+00  0.00000E+00  0.00000E+00  0.00000E+00  0.00000E+00  0.00000E+00  0.00000E+00  0.00000E+00  0.00000E+00  0.00000E+00  0.00000E+00
 THETA17       0.00000E+00  0.00000E+00  0.00000E+00  0.00000E+00  0.00000E+00  0.00000E+00  0.00000E+00  0.00000E+00  0.00000E+00  0.00000E+00  0.00000E+00  0.00000E+00  0.00000E+00  0.00000E+00  0.00000E+00  0.00000E+00  0.00000E+00  0.00000E+00  0.00000E+00  0.00000E+00  0.00000E+00  0.00000E+00  0.00000E+00  0.00000E+00  0.00000E+00  0.00000E+00  0.00000E+00  0.00000E+00  0.00000E+00  0.00000E+00  0.00000E+00  0.00000E+00  0.00000E+00
 THETA18       0.00000E+00  0.00000E+00  0.00000E+00  0.00000E+00  0.00000E+00  0.00000E+00  0.00000E+00  0.00000E+00  0.00000E+00  0.00000E+00  0.00000E+00  0.00000E+00  0.00000E+00  0.00000E+00  0.00000E+00  0.00000E+00  0.00000E+00  0.00000E+00  0.00000E+00  0.00000E+00  0.00000E+00  0.00000E+00  0.00000E+00  0.00000E+00  0.00000E+00  0.00000E+00  0.00000E+00  0.00000E+00  0.00000E+00  0.00000E+00  0.00000E+00  0.00000E+00  0.00000E+00
 THETA19       0.00000E+00  0.00000E+00  0.00000E+00  0.00000E+00  0.00000E+00  0.00000E+00  0.00000E+00  0.00000E+00  0.00000E+00  0.00000E+00  0.00000E+00  0.00000E+00  0.00000E+00  0.00000E+00  0.00000E+00  0.00000E+00  0.00000E+00  0.00000E+00  0.00000E+00  0.00000E+00  0.00000E+00  0.00000E+00  0.00000E+00  0.00000E+00  0.00000E+00  0.00000E+00  0.00000E+00  0.00000E+00  0.00000E+00  0.00000E+00  0.00000E+00  0.00000E+00  0.00000E+00
 THETA20       0.00000E+00  0.00000E+00  0.00000E+00  0.00000E+00  0.00000E+00  0.00000E+00  0.00000E+00  0.00000E+00  0.00000E+00  0.00000E+00  0.00000E+00  0.00000E+00  0.00000E+00  0.00000E+00  0.00000E+00  0.00000E+00  0.00000E+00  0.00000E+00  0.00000E+00  0.00000E+00  0.00000E+00  0.00000E+00  0.00000E+00  0.00000E+00  0.00000E+00  0.00000E+00  0.00000E+00  0.00000E+00  0.00000E+00  0.00000E+00  0.00000E+00  0.00000E+00  0.00000E+00
 SIGMA(1,1)   -1.62885E+03 -2.99706E+03 -8.10754E+01 -4.44202E+03 -1.42097E+02 -3.66141E+02  2.67435E+02 -6.79893E+02 -2.61454E+01 -1.42751E+03 -2.46138E+02  1.17811E+02 -2.27667E+02  5.43181E+02  1.48719E+02  0.00000E+00  0.00000E+00  0.00000E+00  0.00000E+00  0.00000E+00  4.85975E+05  0.00000E+00  7.19762E+00  8.55836E+02 -2.18189E+03 -1.11792E+02  5.60408E+02  2.81893E+02  5.95358E+02  7.46794E+02 -3.04363E+03  9.13891E+01  7.46369E+02
 SIGMA(2,1)    0.00000E+00  0.00000E+00  0.00000E+00  0.00000E+00  0.00000E+00  0.00000E+00  0.00000E+00  0.00000E+00  0.00000E+00  0.00000E+00  0.00000E+00  0.00000E+00  0.00000E+00  0.00000E+00  0.00000E+00  0.00000E+00  0.00000E+00  0.00000E+00  0.00000E+00  0.00000E+00  0.00000E+00  0.00000E+00  0.00000E+00  0.00000E+00  0.00000E+00  0.00000E+00  0.00000E+00  0.00000E+00  0.00000E+00  0.00000E+00  0.00000E+00  0.00000E+00  0.00000E+00
 SIGMA(2,2)   -1.60178E-01 -2.57369E-01  3.67349E-01  2.60249E-01  7.14517E-02 -1.00774E-01  1.04154E-02 -1.53063E-01  1.36071E-01 -7.58703E-01 -4.81910E-02  3.30152E-01  3.26127E-01 -1.14867E-01 -2.11920E-02  0.00000E+00  0.00000E+00  0.00000E+00  0.00000E+00  0.00000E+00  7.19762E+00  0.00000E+00  8.67357E-02  7.93395E-02  4.03001E-01  1.43735E-01  2.85985E-01  2.54817E-01  1.42084E-01 -1.48967E-01 -4.12392E-01 -8.22344E-01  2.09732E+00
 OMEGA(1,1)    5.41477E+01 -8.87134E+00  4.71544E+01 -4.97377E+02  4.37715E+01 -1.44079E+00 -2.63707E+01  6.54412E+01 -1.90505E-01 -2.63437E+01 -4.98381E+00  5.82088E+01 -6.89894E+01  2.23725E+01 -3.64077E+01  0.00000E+00  0.00000E+00  0.00000E+00  0.00000E+00  0.00000E+00  8.55836E+02  0.00000E+00  7.93395E-02  4.52372E+03  2.30624E+03  2.11912E+02  1.96246E+03  4.08044E+02  1.80344E+02 -9.94296E+02 -1.69614E+02 -1.29569E+02 -9.41468E+01
 OMEGA(2,1)    1.07293E+02 -2.04609E+02  1.27281E+02  6.29081E+01  8.69623E+01  4.16959E+00 -2.92875E+00  1.26248E+02 -8.72883E+00 -7.63047E+01  4.19407E+00 -4.67490E+01 -6.04985E+00  2.47062E+01 -7.91494E+00  0.00000E+00  0.00000E+00  0.00000E+00  0.00000E+00  0.00000E+00 -2.18189E+03  0.00000E+00  4.03001E-01  2.30624E+03  5.99445E+03  1.46384E+03  1.97573E+03  1.52825E+03  2.85964E+02  5.60395E+02 -5.22993E+02  2.02974E+02 -1.25380E+02
 OMEGA(2,2)    3.15123E+01 -8.71535E+01  2.56068E+01  4.79231E+00  2.08353E+01 -6.69689E+00  1.91866E+00  1.45039E+01 -4.49773E+00 -9.48441E+00 -4.84763E+00 -8.93236E+00  2.62024E+01 -1.96917E+01 -1.17763E+01  0.00000E+00  0.00000E+00  0.00000E+00  0.00000E+00  0.00000E+00 -1.11792E+02  0.00000E+00  1.43735E-01  2.11912E+02  1.46384E+03  1.57139E+03  3.53246E+02  7.99080E+02  9.12088E+01  2.43452E+02  2.63770E+02  1.34036E+02 -9.35595E+01
 OMEGA(3,1)   -2.27231E+01 -9.25980E+01  1.40361E+01 -3.89732E+01  2.95352E-01 -1.68386E+00 -8.12941E+00  8.94213E+00 -8.80591E+00 -6.33676E+01 -7.32569E+00  1.27224E+01 -1.92028E+01  5.75449E+01 -2.83998E+00  0.00000E+00  0.00000E+00  0.00000E+00  0.00000E+00  0.00000E+00  5.60408E+02  0.00000E+00  2.85985E-01  1.96246E+03  1.97573E+03  3.53246E+02  1.94851E+03  6.52537E+02  2.65585E+02 -5.45253E+02 -2.81629E+02 -2.11353E+02  2.30794E+01
 OMEGA(3,2)   -3.78258E+01 -1.35487E+02  9.29598E+00  2.39537E+02 -2.26590E+01 -1.23252E+01  8.84637E+00 -1.87991E+01 -9.41926E+00 -3.69849E+01 -4.13198E+00  1.45257E+01  3.36899E+01  6.20117E+00  1.43274E+01  0.00000E+00  0.00000E+00  0.00000E+00  0.00000E+00  0.00000E+00  2.81893E+02  0.00000E+00  2.54817E-01  4.08044E+02  1.52825E+03  7.99080E+02  6.52537E+02  1.10073E+03  2.16312E+02  6.21526E+01 -3.21254E+02  4.67666E+01 -1.88417E+02
 OMEGA(3,3)   -4.41264E+01 -2.79161E+01 -2.55365E+01  9.84054E+01 -3.09364E+01 -6.31030E+00  5.13146E+00 -2.23554E+01 -3.79697E+00 -2.46268E+01 -3.83871E+00  1.27783E+01  1.08648E+01  2.79836E+00  2.96785E-01  0.00000E+00  0.00000E+00  0.00000E+00  0.00000E+00  0.00000E+00  5.95358E+02  0.00000E+00  1.42084E-01  1.80344E+02  2.85964E+02  9.12088E+01  2.65585E+02  2.16312E+02  9.54737E+01 -1.16561E+02 -1.47101E+02 -8.19484E+01 -1.20052E+01
 OMEGA(4,1)    1.49755E+02  2.04874E+02  6.79037E+00 -1.48978E+02  1.13322E+01  1.20785E+01 -5.11868E+01  3.94755E+01 -1.86570E+01  1.46926E+02 -9.84728E+00  1.22718E+02 -4.71900E+00 -7.31191E+01 -9.40073E+01  0.00000E+00  0.00000E+00  0.00000E+00  0.00000E+00  0.00000E+00  7.46794E+02  0.00000E+00 -1.48967E-01 -9.94296E+02  5.60395E+02  2.43452E+02 -5.45253E+02  6.21526E+01 -1.16561E+02  1.29403E+04  3.79128E+03  2.80397E+03 -2.99065E+03
 OMEGA(4,2)    1.32051E+01  4.17678E+01 -5.04726E+01 -2.70153E+02 -9.34072E+00  2.55753E+01 -2.43059E+01 -1.65178E-01 -8.84053E+00 -8.98206E+01 -1.36970E+01  6.73578E+00 -1.35576E+01 -3.25024E+01 -3.50473E+01  0.00000E+00  0.00000E+00  0.00000E+00  0.00000E+00  0.00000E+00 -3.04363E+03  0.00000E+00 -4.12392E-01 -1.69614E+02 -5.22993E+02  2.63770E+02 -2.81629E+02 -3.21254E+02 -1.47101E+02  3.79128E+03  8.49571E+03  2.32742E+03  7.51216E+02
 OMEGA(4,3)    3.58456E+01  1.27015E+02  8.74710E+00 -1.68181E+02 -5.96394E+00  4.39904E+00 -2.70905E+01  2.51546E+01 -8.85034E+00  9.34412E+01 -1.21945E+01  6.12298E+01 -1.66552E+02  3.80661E+01 -6.13325E+01  0.00000E+00  0.00000E+00  0.00000E+00  0.00000E+00  0.00000E+00  9.13891E+01  0.00000E+00 -8.22344E-01 -1.29569E+02  2.02974E+02  1.34036E+02 -2.11353E+02  4.67666E+01 -8.19484E+01  2.80397E+03  2.32742E+03  2.48979E+03 -8.03793E+02
 OMEGA(4,4)   -6.53552E+01 -4.03939E+01 -7.02063E+01 -2.02882E+02 -5.59570E+01 -6.01413E+00 -9.51564E+00 -4.78281E+00  2.27950E+01 -1.71978E+02 -1.83056E+01  3.76300E+02  1.72710E+02 -3.98803E+01  6.02101E+01  0.00000E+00  0.00000E+00  0.00000E+00  0.00000E+00  0.00000E+00  7.46369E+02  0.00000E+00  2.09732E+00 -9.41468E+01 -1.25380E+02 -9.35595E+01  2.30794E+01 -1.88417E+02 -1.20052E+01 -2.99065E+03  7.51216E+02 -8.03793E+02  1.17304E+04
