TABLE NO.     1: MCMC Bayesian Analysis: Problem=1 Subproblem=0 Superproblem1=0 Iteration1=0 Superproblem2=0 Iteration2=0
 NAME         THETA1       THETA2       THETA3       THETA4       THETA5       THETA6       THETA7       THETA8       THETA9       THETA10      THETA11      THETA12      THETA13      THETA14      THETA15      THETA16      THETA17      THETA18      THETA19      THETA20      SIGMA(1,1)   SIGMA(2,1)   SIGMA(2,2)   OMEGA(1,1)   OMEGA(2,1)   OMEGA(2,2)   OMEGA(3,1)   OMEGA(3,2)   OMEGA(3,3)   OMEGA(4,1)   OMEGA(4,2)   OMEGA(4,3)   OMEGA(4,4)
 THETA1        4.13974E-03  8.58131E-04 -3.93657E-04  9.72731E-07 -1.37835E-03 -3.91714E-03  5.21595E-04 -3.13818E-03 -2.22298E-03 -6.58072E-04  6.70465E-04  6.65258E-05 -1.32113E-04  1.65857E-04  5.00497E-04  0.00000E+00  0.00000E+00  0.00000E+00  0.00000E+00  0.00000E+00  9.47499E-06  0.00000E+00  3.47765E-04 -4.64845E-05  6.74785E-05 -8.36032E-05  2.74716E-05  4.29499E-05  6.44123E-05 -4.68516E-05  3.38203E-05 -2.30372E-05 -8.20672E-06
 THETA2        8.58131E-04  4.22891E-03 -2.04673E-04 -2.67184E-04  5.39422E-03 -1.06621E-03 -3.21739E-04 -9.96516E-04 -4.45450E-03 -1.71253E-03 -2.35402E-04 -2.05503E-04  1.54862E-04  3.98914E-04  6.23029E-04  0.00000E+00  0.00000E+00  0.00000E+00  0.00000E+00  0.00000E+00  1.75888E-05  0.00000E+00 -5.56573E-03 -1.14170E-04  1.52887E-05 -1.21208E-04 -2.70523E-04  3.16644E-04  2.86334E-03 -5.44211E-05  6.69992E-05 -8.92925E-05  6.08876E-06
 THETA3       -3.93657E-04 -2.04673E-04  3.78030E-03  3.92440E-04 -3.99101E-03  9.85801E-04 -2.95222E-05  3.46204E-05 -1.69105E-03  2.29864E-04 -4.99794E-03 -3.42173E-04  1.92337E-04 -1.18937E-04 -1.41743E-04  0.00000E+00  0.00000E+00  0.00000E+00  0.00000E+00  0.00000E+00  1.00136E-06  0.00000E+00 -1.08059E-02  7.86887E-05 -9.26850E-06  9.05300E-05  7.21856E-05 -1.51998E-04 -1.10548E-03  1.78417E-05  8.39550E-07 -4.89389E-05  1.58460E-05
 THETA4        9.72731E-07 -2.67184E-04  3.92440E-04  4.90619E-04 -1.69194E-03 -2.12568E-04 -8.94662E-05  4.94505E-05 -4.66143E-04  1.03829E-04 -3.24265E-04  2.08618E-05  2.42940E-04  2.42749E-04 -4.23439E-04  0.00000E+00  0.00000E+00  0.00000E+00  0.00000E+00  0.00000E+00  4.11845E-06  0.00000E+00 -3.73635E-04  7.01526E-05 -4.73596E-06  5.63219E-05  1.36135E-04 -6.08907E-06 -1.63585E-03  6.34991E-06 -7.14817E-06 -6.34712E-06  2.73015E-06
 THETA5       -1.37835E-03  5.39422E-03 -3.99101E-03 -1.69194E-03  2.92682E-02  2.48583E-03 -3.86834E-04 -1.14649E-03  4.33236E-03 -2.63303E-04  2.90822E-03  2.45052E-04  3.77341E-04  1.46148E-03  2.59833E-04  0.00000E+00  0.00000E+00  0.00000E+00  0.00000E+00  0.00000E+00  1.95356E-06  0.00000E+00 -1.68522E-02 -3.03412E-04 -1.17343E-04 -2.84504E-04 -1.60483E-03 -4.12106E-04  1.80415E-02 -7.96631E-05  1.46311E-04  2.06787E-04  7.67564E-05
 THETA6       -3.91714E-03 -1.06621E-03  9.85801E-04 -2.12568E-04  2.48583E-03  3.11734E-02 -9.79078E-04  1.66316E-04  1.00800E-02  8.31393E-04 -7.58477E-03  1.32008E-04  4.66139E-04  4.24824E-04 -2.01006E-03  0.00000E+00  0.00000E+00  0.00000E+00  0.00000E+00  0.00000E+00 -1.24652E-06  0.00000E+00  3.00431E-03  1.09831E-04 -6.52197E-05  1.33781E-04 -4.88247E-04 -9.65712E-05  2.96145E-03  3.75300E-05 -9.88130E-05  8.70734E-05  1.03671E-05
 THETA7        5.21595E-04 -3.21739E-04 -2.95222E-05 -8.94662E-05 -3.86834E-04 -9.79078E-04  9.98386E-03  9.38130E-04  8.91096E-04  1.44031E-04 -1.01753E-04 -1.79930E-04 -3.70560E-04  5.06847E-05  4.66259E-04  0.00000E+00  0.00000E+00  0.00000E+00  0.00000E+00  0.00000E+00 -6.77375E-06  0.00000E+00  2.82091E-03  4.83198E-05 -8.19634E-05  2.81011E-05  1.04726E-04 -4.47460E-05 -6.65088E-05  4.76444E-05 -2.09125E-05  8.35858E-05  3.33196E-05
 THETA8       -3.13818E-03 -9.96516E-04  3.46204E-05  4.94505E-05 -1.14649E-03  1.66316E-04  9.38130E-04  5.44200E-03  1.43158E-03  8.98599E-04  9.45791E-04  1.80197E-04 -1.08036E-04 -5.76223E-04 -1.63333E-04  0.00000E+00  0.00000E+00  0.00000E+00  0.00000E+00  0.00000E+00 -5.35791E-06  0.00000E+00  8.23970E-03  7.67747E-06 -9.90781E-05  6.38650E-05  1.32059E-04  3.22695E-05 -7.71844E-04  3.30669E-05 -2.25136E-06 -2.49787E-05 -1.09882E-05
 THETA9       -2.22298E-03 -4.45450E-03 -1.69105E-03 -4.66143E-04  4.33236E-03  1.00800E-02  8.91096E-04  1.43158E-03  3.30583E-02  1.28982E-03  1.11985E-02  3.01838E-04  2.15122E-03  2.66137E-03 -5.20475E-03  0.00000E+00  0.00000E+00  0.00000E+00  0.00000E+00  0.00000E+00 -2.49195E-05  0.00000E+00 -3.82145E-02  5.99167E-05 -1.75248E-04  1.24073E-04 -3.94490E-04 -6.25070E-04  5.16804E-03  6.40334E-05 -9.70949E-05  4.81430E-04  7.35851E-06
 THETA10      -6.58072E-04 -1.71253E-03  2.29864E-04  1.03829E-04 -2.63303E-04  8.31393E-04  1.44031E-04  8.98599E-04  1.28982E-03  2.47429E-03  3.43878E-04  2.23951E-04 -2.03729E-04 -5.76553E-04 -3.96261E-04  0.00000E+00  0.00000E+00  0.00000E+00  0.00000E+00  0.00000E+00 -2.58314E-06  0.00000E+00  1.36008E-02  1.49973E-05 -2.93048E-06  1.68397E-05 -4.08456E-06 -2.58919E-04  6.44389E-04  2.90708E-06  3.79685E-05 -1.67103E-05  1.50853E-05
 THETA11       6.70465E-04 -2.35402E-04 -4.99794E-03 -3.24265E-04  2.90822E-03 -7.58477E-03 -1.01753E-04  9.45791E-04  1.11985E-02  3.43878E-04  4.63278E-02  2.50250E-04  4.16127E-04  3.22244E-04 -1.76423E-03  0.00000E+00  0.00000E+00  0.00000E+00  0.00000E+00  0.00000E+00  1.47902E-05  0.00000E+00  1.88538E-02 -8.83348E-05 -1.17722E-04  1.05858E-04  1.22276E-04 -1.24606E-04  2.77931E-03 -1.58918E-05  1.58561E-05  3.61320E-04  4.41225E-05
 THETA12       6.65258E-05 -2.05503E-04 -3.42173E-04  2.08618E-05  2.45052E-04  1.32008E-04 -1.79930E-04  1.80197E-04  3.01838E-04  2.23951E-04  2.50250E-04  1.02765E-03  9.10253E-05 -4.07498E-04 -5.72491E-04  0.00000E+00  0.00000E+00  0.00000E+00  0.00000E+00  0.00000E+00  1.55122E-06  0.00000E+00 -1.31928E-03 -5.05746E-05  2.63103E-05 -3.73567E-05  5.75524E-05  1.70140E-05 -2.44282E-04 -3.09730E-05  2.46357E-05 -3.30964E-05 -4.26431E-05
 THETA13      -1.32113E-04  1.54862E-04  1.92337E-04  2.42940E-04  3.77341E-04  4.66139E-04 -3.70560E-04 -1.08036E-04  2.15122E-03 -2.03729E-04  4.16127E-04  9.10253E-05  8.30393E-03  1.03320E-02 -8.88642E-03  0.00000E+00  0.00000E+00  0.00000E+00  0.00000E+00  0.00000E+00 -8.73661E-07  0.00000E+00 -2.15236E-02  1.74176E-04  1.62103E-05  3.93481E-06 -3.22685E-04 -9.77206E-06 -5.92741E-04 -5.41786E-05 -3.22547E-05  2.34371E-04 -3.44257E-05
 THETA14       1.65857E-04  3.98914E-04 -1.18937E-04  2.42749E-04  1.46148E-03  4.24824E-04  5.06847E-05 -5.76223E-04  2.66137E-03 -5.76553E-04  3.22244E-04 -4.07498E-04  1.03320E-02  2.06315E-02 -1.16537E-02  0.00000E+00  0.00000E+00  0.00000E+00  0.00000E+00  0.00000E+00 -1.08179E-05  0.00000E+00 -1.95620E-02  3.82982E-04  2.56410E-05  1.46629E-04 -9.88555E-04 -7.63999E-05  7.13846E-04  2.76989E-05 -1.27497E-06  5.31487E-05  1.15051E-05
 THETA15       5.00497E-04  6.23029E-04 -1.41743E-04 -4.23439E-04  2.59833E-04 -2.01006E-03  4.66259E-04 -1.63333E-04 -5.20475E-03 -3.96261E-04 -1.76423E-03 -5.72491E-04 -8.88642E-03 -1.16537E-02  2.15829E-02  0.00000E+00  0.00000E+00  0.00000E+00  0.00000E+00  0.00000E+00 -4.22908E-06  0.00000E+00  2.83807E-02 -6.05283E-05 -1.61065E-05  3.12562E-04  1.88770E-04 -6.91362E-04  2.70987E-03  9.29687E-05 -5.43411E-05  1.23134E-04  2.15816E-05
 THETA16       0.00000E+00  0.00000E+00  0.00000E+00  0.00000E+00  0.00000E+00  0.00000E+00  0.00000E+00  0.00000E+00  0.00000E+00  0.00000E+00  0.00000E+00  0.00000E+00  0.00000E+00  0.00000E+00  0.00000E+00  0.00000E+00  0.00000E+00  0.00000E+00  0.00000E+00  0.00000E+00  0.00000E+00  0.00000E+00  0.00000E+00  0.00000E+00  0.00000E+00  0.00000E+00  0.00000E+00  0.00000E+00  0.00000E+00  0.00000E+00  0.00000E+00  0.00000E+00  0.00000E+00
 THETA17       0.00000E+00  0.00000E+00  0.00000E+00  0.00000E+00  0.00000E+00  0.00000E+00  0.00000E+00  0.00000E+00  0.00000E+00  0.00000E+00  0.00000E+00  0.00000E+00  0.00000E+00  0.00000E+00  0.00000E+00  0.00000E+00  0.00000E+00  0.00000E+00  0.00000E+00  0.00000E+00  0.00000E+00  0.00000E+00  0.00000E+00  0.00000E+00  0.00000E+00  0.00000E+00  0.00000E+00  0.00000E+00  0.00000E+00  0.00000E+00  0.00000E+00  0.00000E+00  0.00000E+00
 THETA18       0.00000E+00  0.00000E+00  0.00000E+00  0.00000E+00  0.00000E+00  0.00000E+00  0.00000E+00  0.00000E+00  0.00000E+00  0.00000E+00  0.00000E+00  0.00000E+00  0.00000E+00  0.00000E+00  0.00000E+00  0.00000E+00  0.00000E+00  0.00000E+00  0.00000E+00  0.00000E+00  0.00000E+00  0.00000E+00  0.00000E+00  0.00000E+00  0.00000E+00  0.00000E+00  0.00000E+00  0.00000E+00  0.00000E+00  0.00000E+00  0.00000E+00  0.00000E+00  0.00000E+00
 THETA19       0.00000E+00  0.00000E+00  0.00000E+00  0.00000E+00  0.00000E+00  0.00000E+00  0.00000E+00  0.00000E+00  0.00000E+00  0.00000E+00  0.00000E+00  0.00000E+00  0.00000E+00  0.00000E+00  0.00000E+00  0.00000E+00  0.00000E+00  0.00000E+00  0.00000E+00  0.00000E+00  0.00000E+00  0.00000E+00  0.00000E+00  0.00000E+00  0.00000E+00  0.00000E+00  0.00000E+00  0.00000E+00  0.00000E+00  0.00000E+00  0.00000E+00  0.00000E+00  0.00000E+00
 THETA20       0.00000E+00  0.00000E+00  0.00000E+00  0.00000E+00  0.00000E+00  0.00000E+00  0.00000E+00  0.00000E+00  0.00000E+00  0.00000E+00  0.00000E+00  0.00000E+00  0.00000E+00  0.00000E+00  0.00000E+00  0.00000E+00  0.00000E+00  0.00000E+00  0.00000E+00  0.00000E+00  0.00000E+00  0.00000E+00  0.00000E+00  0.00000E+00  0.00000E+00  0.00000E+00  0.00000E+00  0.00000E+00  0.00000E+00  0.00000E+00  0.00000E+00  0.00000E+00  0.00000E+00
 SIGMA(1,1)    9.47499E-06  1.75888E-05  1.00136E-06  4.11845E-06  1.95356E-06 -1.24652E-06 -6.77375E-06 -5.35791E-06 -2.49195E-05 -2.58314E-06  1.47902E-05  1.55122E-06 -8.73661E-07 -1.08179E-05 -4.22908E-06  0.00000E+00  0.00000E+00  0.00000E+00  0.00000E+00  0.00000E+00  2.30315E-06  0.00000E+00 -1.27006E-04 -1.62759E-06  2.00947E-06 -2.59453E-06  2.63540E-06  5.89236E-06 -3.16165E-05 -1.05319E-06  1.92519E-06 -2.65760E-06 -4.79669E-07
 SIGMA(2,1)    0.00000E+00  0.00000E+00  0.00000E+00  0.00000E+00  0.00000E+00  0.00000E+00  0.00000E+00  0.00000E+00  0.00000E+00  0.00000E+00  0.00000E+00  0.00000E+00  0.00000E+00  0.00000E+00  0.00000E+00  0.00000E+00  0.00000E+00  0.00000E+00  0.00000E+00  0.00000E+00  0.00000E+00  0.00000E+00  0.00000E+00  0.00000E+00  0.00000E+00  0.00000E+00  0.00000E+00  0.00000E+00  0.00000E+00  0.00000E+00  0.00000E+00  0.00000E+00  0.00000E+00
 SIGMA(2,2)    3.47765E-04 -5.56573E-03 -1.08059E-02 -3.73635E-04 -1.68522E-02  3.00431E-03  2.82091E-03  8.23970E-03 -3.82145E-02  1.36008E-02  1.88538E-02 -1.31928E-03 -2.15236E-02 -1.95620E-02  2.83807E-02  0.00000E+00  0.00000E+00  0.00000E+00  0.00000E+00  0.00000E+00 -1.27006E-04  0.00000E+00  1.19663E+01 -1.45822E-04 -3.54799E-04 -1.80636E-04  2.52331E-03  8.83732E-04 -2.49053E-02 -1.14473E-03  9.05726E-05  3.17259E-03 -1.94578E-03
 OMEGA(1,1)   -4.64845E-05 -1.14170E-04  7.86887E-05  7.01526E-05 -3.03412E-04  1.09831E-04  4.83198E-05  7.67747E-06  5.99167E-05  1.49973E-05 -8.83348E-05 -5.05746E-05  1.74176E-04  3.82982E-04 -6.05283E-05  0.00000E+00  0.00000E+00  0.00000E+00  0.00000E+00  0.00000E+00 -1.62759E-06  0.00000E+00 -1.45822E-04  4.59441E-04 -7.95690E-05  5.75882E-05 -4.53072E-04  8.52009E-05  1.84393E-04  3.66172E-05 -1.67664E-05 -1.19026E-05  1.57879E-05
 OMEGA(2,1)    6.74785E-05  1.52887E-05 -9.26850E-06 -4.73596E-06 -1.17343E-04 -6.52197E-05 -8.19634E-05 -9.90781E-05 -1.75248E-04 -2.93048E-06 -1.17722E-04  2.63103E-05  1.62103E-05  2.56410E-05 -1.61065E-05  0.00000E+00  0.00000E+00  0.00000E+00  0.00000E+00  0.00000E+00  2.00947E-06  0.00000E+00 -3.54799E-04 -7.95690E-05  3.95847E-04 -1.45956E-04 -2.62154E-04 -3.66567E-04  6.00698E-04 -3.49481E-05  4.09486E-05 -3.24009E-05 -1.73538E-05
 OMEGA(2,2)   -8.36032E-05 -1.21208E-04  9.05300E-05  5.63219E-05 -2.84504E-04  1.33781E-04  2.81011E-05  6.38650E-05  1.24073E-04  1.68397E-05  1.05858E-04 -3.73567E-05  3.93481E-06  1.46629E-04  3.12562E-04  0.00000E+00  0.00000E+00  0.00000E+00  0.00000E+00  0.00000E+00 -2.59453E-06  0.00000E+00 -1.80636E-04  5.75882E-05 -1.45956E-04  1.21497E-03  4.89028E-05 -1.02865E-03  1.17742E-03  2.26219E-05 -9.61302E-05  9.64330E-05  1.15062E-05
 OMEGA(3,1)    2.74716E-05 -2.70523E-04  7.21856E-05  1.36135E-04 -1.60483E-03 -4.88247E-04  1.04726E-04  1.32059E-04 -3.94490E-04 -4.08456E-06  1.22276E-04  5.75524E-05 -3.22685E-04 -9.88555E-04  1.88770E-04  0.00000E+00  0.00000E+00  0.00000E+00  0.00000E+00  0.00000E+00  2.63540E-06  0.00000E+00  2.52331E-03 -4.53072E-04 -2.62154E-04  4.89028E-05  1.79543E-03  2.37174E-04 -4.65831E-03  1.61562E-05 -5.10981E-05  3.28670E-05 -7.80045E-06
 OMEGA(3,2)    4.29499E-05  3.16644E-04 -1.51998E-04 -6.08907E-06 -4.12106E-04 -9.65712E-05 -4.47460E-05  3.22695E-05 -6.25070E-04 -2.58919E-04 -1.24606E-04  1.70140E-05 -9.77206E-06 -7.63999E-05 -6.91362E-04  0.00000E+00  0.00000E+00  0.00000E+00  0.00000E+00  0.00000E+00  5.89236E-06  0.00000E+00  8.83732E-04  8.52009E-05 -3.66567E-04 -1.02865E-03  2.37174E-04  3.37133E-03 -6.65433E-03  2.01802E-06  1.03651E-04 -2.97750E-04  6.76449E-06
 OMEGA(3,3)    6.44123E-05  2.86334E-03 -1.10548E-03 -1.63585E-03  1.80415E-02  2.96145E-03 -6.65088E-05 -7.71844E-04  5.16804E-03  6.44389E-04  2.77931E-03 -2.44282E-04 -5.92741E-04  7.13846E-04  2.70987E-03  0.00000E+00  0.00000E+00  0.00000E+00  0.00000E+00  0.00000E+00 -3.16165E-05  0.00000E+00 -2.49053E-02  1.84393E-04  6.00698E-04  1.17742E-03 -4.65831E-03 -6.65433E-03  4.50330E-02 -5.10712E-05  9.63569E-05  9.18986E-04  8.72497E-05
 OMEGA(4,1)   -4.68516E-05 -5.44211E-05  1.78417E-05  6.34991E-06 -7.96631E-05  3.75300E-05  4.76444E-05  3.30669E-05  6.40334E-05  2.90708E-06 -1.58918E-05 -3.09730E-05 -5.41786E-05  2.76989E-05  9.29687E-05  0.00000E+00  0.00000E+00  0.00000E+00  0.00000E+00  0.00000E+00 -1.05319E-06  0.00000E+00 -1.14473E-03  3.66172E-05 -3.49481E-05  2.26219E-05  1.61562E-05  2.01802E-06 -5.10712E-05  1.19579E-04 -3.31183E-05 -8.91672E-05  2.75796E-05
 OMEGA(4,2)    3.38203E-05  6.69992E-05  8.39550E-07 -7.14817E-06  1.46311E-04 -9.88130E-05 -2.09125E-05 -2.25136E-06 -9.70949E-05  3.79685E-05  1.58561E-05  2.46357E-05 -3.22547E-05 -1.27497E-06 -5.43411E-05  0.00000E+00  0.00000E+00  0.00000E+00  0.00000E+00  0.00000E+00  1.92519E-06  0.00000E+00  9.05726E-05 -1.67664E-05  4.09486E-05 -9.61302E-05 -5.10981E-05  1.03651E-04  9.63569E-05 -3.31183E-05  1.88457E-04 -1.60126E-04 -2.85635E-05
 OMEGA(4,3)   -2.30372E-05 -8.92925E-05 -4.89389E-05 -6.34712E-06  2.06787E-04  8.70734E-05  8.35858E-05 -2.49787E-05  4.81430E-04 -1.67103E-05  3.61320E-04 -3.30964E-05  2.34371E-04  5.31487E-05  1.23134E-04  0.00000E+00  0.00000E+00  0.00000E+00  0.00000E+00  0.00000E+00 -2.65760E-06  0.00000E+00  3.17259E-03 -1.19026E-05 -3.24009E-05  9.64330E-05  3.28670E-05 -2.97750E-04  9.18986E-04 -8.91672E-05 -1.60126E-04  7.27037E-04  3.01552E-05
 OMEGA(4,4)   -8.20672E-06  6.08876E-06  1.58460E-05  2.73015E-06  7.67564E-05  1.03671E-05  3.33196E-05 -1.09882E-05  7.35851E-06  1.50853E-05  4.41225E-05 -4.26431E-05 -3.44257E-05  1.15051E-05  2.15816E-05  0.00000E+00  0.00000E+00  0.00000E+00  0.00000E+00  0.00000E+00 -4.79669E-07  0.00000E+00 -1.94578E-03  1.57879E-05 -1.73538E-05  1.15062E-05 -7.80045E-06  6.76449E-06  8.72497E-05  2.75796E-05 -2.85635E-05  3.01552E-05  9.93903E-05
