TABLE NO.     1: MCMC Bayesian Analysis: Problem=1 Subproblem=0 Superproblem1=0 Iteration1=0 Superproblem2=0 Iteration2=0
 NAME         THETA1       THETA2       THETA3       THETA4       THETA5       THETA6       THETA7       THETA8       THETA9       THETA10      THETA11      THETA12      THETA13      THETA14      THETA15      THETA16      THETA17      THETA18      THETA19      THETA20      SIGMA(1,1)   SIGMA(2,1)   SIGMA(2,2)   OMEGA(1,1)   OMEGA(2,1)   OMEGA(2,2)   OMEGA(3,1)   OMEGA(3,2)   OMEGA(3,3)   OMEGA(4,1)   OMEGA(4,2)   OMEGA(4,3)   OMEGA(4,4)
 THETA1        6.43408E-02  2.05094E-01 -9.95105E-02  6.82550E-04 -1.25220E-01 -3.44819E-01  8.11330E-02 -6.61169E-01 -1.90025E-01 -2.05618E-01  4.84138E-02  3.22539E-02 -2.25329E-02  1.79466E-02  5.29492E-02  0.00000E+00  0.00000E+00  0.00000E+00  0.00000E+00  0.00000E+00  9.70357E-02  0.00000E+00  1.56250E-03 -3.37060E-02  5.27127E-02 -3.72781E-02  1.00766E-02  1.14968E-02  4.71756E-03 -6.65902E-02  3.82900E-02 -1.32790E-02 -1.27942E-02
 THETA2        2.05094E-01  6.50301E-02 -5.11897E-02 -1.85491E-01  4.84860E-01 -9.28619E-02 -4.95154E-02 -2.07726E-01 -3.76743E-01 -5.29417E-01 -1.68180E-02 -9.85782E-02  2.61329E-02  4.27071E-02  6.52137E-02  0.00000E+00  0.00000E+00  0.00000E+00  0.00000E+00  0.00000E+00  1.78222E-01  0.00000E+00 -2.47416E-02 -8.19071E-02  1.18166E-02 -5.34731E-02 -9.81758E-02  8.38604E-02  2.07488E-01 -7.65288E-02  7.50496E-02 -5.09240E-02  9.39167E-03
 THETA3       -9.95105E-02 -5.11897E-02  6.14841E-02  2.88163E-01 -3.79422E-01  9.08101E-02 -4.80547E-03  7.63291E-03 -1.51270E-01  7.51594E-02 -3.77666E-01 -1.73604E-01  3.43287E-02 -1.34675E-02 -1.56922E-02  0.00000E+00  0.00000E+00  0.00000E+00  0.00000E+00  0.00000E+00  1.07317E-02  0.00000E+00 -5.08064E-02  5.97083E-02 -7.57675E-03  4.22423E-02  2.77079E-02 -4.25770E-02 -8.47273E-02  2.65366E-02  9.94666E-04 -2.95198E-02  2.58515E-02
 THETA4        6.82550E-04 -1.85491E-01  2.88163E-01  2.21499E-02 -4.46494E-01 -5.43542E-02 -4.04238E-02  3.02635E-02 -1.15746E-01  9.42372E-02 -6.80153E-02  2.93804E-02  1.20361E-01  7.62990E-02 -1.30126E-01  0.00000E+00  0.00000E+00  0.00000E+00  0.00000E+00  0.00000E+00  1.22518E-01  0.00000E+00 -4.87635E-03  1.47760E-01 -1.07466E-02  7.29496E-02  1.45048E-01 -4.73455E-03 -3.48022E-01  2.62160E-02 -2.35080E-02 -1.06274E-02  1.23635E-02
 THETA5       -1.25220E-01  4.84860E-01 -3.79422E-01 -4.46494E-01  1.71080E-01  8.22964E-02 -2.26296E-02 -9.08432E-02  1.39279E-01 -3.09408E-02  7.89784E-02  4.46826E-02  2.42044E-02  5.94743E-02  1.03381E-02  0.00000E+00  0.00000E+00  0.00000E+00  0.00000E+00  0.00000E+00  7.52433E-03  0.00000E+00 -2.84760E-02 -8.27408E-02 -3.44742E-02 -4.77098E-02 -2.21384E-01 -4.14868E-02  4.96947E-01 -4.25825E-02  6.22976E-02  4.48277E-02  4.50033E-02
 THETA6       -3.44819E-01 -9.28619E-02  9.08101E-02 -5.43542E-02  8.22964E-02  1.76560E-01 -5.54978E-02  1.27692E-02  3.14000E-01  9.46650E-02 -1.99586E-01  2.33231E-02  2.89722E-02  1.67515E-02 -7.74928E-02  0.00000E+00  0.00000E+00  0.00000E+00  0.00000E+00  0.00000E+00 -4.65207E-03  0.00000E+00  4.91895E-03  2.90213E-02 -1.85662E-02  2.17381E-02 -6.52624E-02 -9.42010E-03  7.90401E-02  1.94383E-02 -4.07677E-02  1.82901E-02  5.88968E-03
 THETA7        8.11330E-02 -4.95154E-02 -4.80547E-03 -4.04238E-02 -2.26296E-02 -5.54978E-02  9.99193E-02  1.27272E-01  4.90496E-02  2.89789E-02 -4.73127E-03 -5.61736E-02 -4.06975E-02  3.53152E-03  3.17631E-02  0.00000E+00  0.00000E+00  0.00000E+00  0.00000E+00  0.00000E+00 -4.46703E-02  0.00000E+00  8.16131E-03  2.25611E-02 -4.12294E-02  8.06850E-03  2.47355E-02 -7.71266E-03 -3.13664E-03  4.36048E-02 -1.52458E-02  3.10245E-02  3.34486E-02
 THETA8       -6.61169E-01 -2.07726E-01  7.63291E-03  3.02635E-02 -9.08432E-02  1.27692E-02  1.27272E-01  7.37699E-02  1.06733E-01  2.44885E-01  5.95656E-02  7.61984E-02 -1.60711E-02 -5.43808E-02 -1.50709E-02  0.00000E+00  0.00000E+00  0.00000E+00  0.00000E+00  0.00000E+00 -4.78581E-02  0.00000E+00  3.22888E-02  4.85539E-03 -6.75048E-02  2.48371E-02  4.22479E-02  7.53378E-03 -4.93043E-02  4.09907E-02 -2.22310E-03 -1.25577E-02 -1.49409E-02
 THETA9       -1.90025E-01 -3.76743E-01 -1.51270E-01 -1.15746E-01  1.39279E-01  3.14000E-01  4.90496E-02  1.06733E-01  1.81819E-01  1.42615E-01  2.86152E-01  5.17860E-02  1.29839E-01  1.01906E-01 -1.94852E-01  0.00000E+00  0.00000E+00  0.00000E+00  0.00000E+00  0.00000E+00 -9.03105E-02  0.00000E+00 -6.07586E-02  1.53742E-02 -4.84450E-02  1.95773E-02 -5.12049E-02 -5.92090E-02  1.33943E-01  3.22061E-02 -3.89001E-02  9.82008E-02  4.05955E-03
 THETA10      -2.05618E-01 -5.29417E-01  7.51594E-02  9.42372E-02 -3.09408E-02  9.46650E-02  2.89789E-02  2.44885E-01  1.42615E-01  4.97422E-02  3.21187E-02  1.40445E-01 -4.49455E-02 -8.06955E-02 -5.42252E-02  0.00000E+00  0.00000E+00  0.00000E+00  0.00000E+00  0.00000E+00 -3.42185E-02  0.00000E+00  7.90420E-02  1.40661E-02 -2.96108E-03  9.71240E-03 -1.93792E-03 -8.96476E-02  6.10460E-02  5.34445E-03  5.56022E-02 -1.24589E-02  3.04199E-02
 THETA11       4.84138E-02 -1.68180E-02 -3.77666E-01 -6.80153E-02  7.89784E-02 -1.99586E-01 -4.73127E-03  5.95656E-02  2.86152E-01  3.21187E-02  2.15239E-01  3.62687E-02  2.12160E-02  1.04232E-02 -5.57930E-02  0.00000E+00  0.00000E+00  0.00000E+00  0.00000E+00  0.00000E+00  4.52785E-02  0.00000E+00  2.53220E-02 -1.91468E-02 -2.74899E-02  1.41097E-02  1.34071E-02 -9.97052E-03  6.08487E-02 -6.75185E-03  5.36624E-03  6.22577E-02  2.05621E-02
 THETA12       3.22539E-02 -9.85782E-02 -1.73604E-01  2.93804E-02  4.46826E-02  2.33231E-02 -5.61736E-02  7.61984E-02  5.17860E-02  1.40445E-01  3.62687E-02  3.20569E-02  3.11601E-02 -8.84990E-02 -1.21560E-01  0.00000E+00  0.00000E+00  0.00000E+00  0.00000E+00  0.00000E+00  3.18853E-02  0.00000E+00 -1.18969E-02 -7.36030E-02  4.12515E-02 -3.34322E-02  4.23698E-02  9.14077E-03 -3.59090E-02 -8.83554E-02  5.59806E-02 -3.82895E-02 -1.33430E-01
 THETA13      -2.25329E-02  2.61329E-02  3.43287E-02  1.20361E-01  2.42044E-02  2.89722E-02 -4.06975E-02 -1.60711E-02  1.29839E-01 -4.49455E-02  2.12160E-02  3.11601E-02  9.11259E-02  7.89362E-01 -6.63788E-01  0.00000E+00  0.00000E+00  0.00000E+00  0.00000E+00  0.00000E+00 -6.31742E-03  0.00000E+00 -6.82798E-02  8.91725E-02  8.94100E-03  1.23880E-03 -8.35704E-02 -1.84690E-03 -3.06519E-02 -5.43698E-02 -2.57837E-02  9.53859E-02 -3.78939E-02
 THETA14       1.79466E-02  4.27071E-02 -1.34675E-02  7.62990E-02  5.94743E-02  1.67515E-02  3.53152E-03 -5.43808E-02  1.01906E-01 -8.06955E-02  1.04232E-02 -8.84990E-02  7.89362E-01  1.43637E-01 -5.52260E-01  0.00000E+00  0.00000E+00  0.00000E+00  0.00000E+00  0.00000E+00 -4.96268E-02  0.00000E+00 -3.93701E-02  1.24394E-01  8.97235E-03  2.92868E-02 -1.62424E-01 -9.16067E-03  2.34193E-02  1.76347E-02 -6.46588E-04  1.37230E-02  8.03437E-03
 THETA15       5.29492E-02  6.52137E-02 -1.56922E-02 -1.30126E-01  1.03381E-02 -7.74928E-02  3.17631E-02 -1.50709E-02 -1.94852E-01 -5.42252E-02 -5.57930E-02 -1.21560E-01 -6.63788E-01 -5.52260E-01  1.46911E-01  0.00000E+00  0.00000E+00  0.00000E+00  0.00000E+00  0.00000E+00 -1.89683E-02  0.00000E+00  5.58453E-02 -1.92215E-02 -5.51038E-03  6.10378E-02  3.03244E-02 -8.10494E-02  8.69217E-02  5.78699E-02 -2.69443E-02  3.10846E-02  1.47352E-02
 THETA16       0.00000E+00  0.00000E+00  0.00000E+00  0.00000E+00  0.00000E+00  0.00000E+00  0.00000E+00  0.00000E+00  0.00000E+00  0.00000E+00  0.00000E+00  0.00000E+00  0.00000E+00  0.00000E+00  0.00000E+00  0.00000E+00  0.00000E+00  0.00000E+00  0.00000E+00  0.00000E+00  0.00000E+00  0.00000E+00  0.00000E+00  0.00000E+00  0.00000E+00  0.00000E+00  0.00000E+00  0.00000E+00  0.00000E+00  0.00000E+00  0.00000E+00  0.00000E+00  0.00000E+00
 THETA17       0.00000E+00  0.00000E+00  0.00000E+00  0.00000E+00  0.00000E+00  0.00000E+00  0.00000E+00  0.00000E+00  0.00000E+00  0.00000E+00  0.00000E+00  0.00000E+00  0.00000E+00  0.00000E+00  0.00000E+00  0.00000E+00  0.00000E+00  0.00000E+00  0.00000E+00  0.00000E+00  0.00000E+00  0.00000E+00  0.00000E+00  0.00000E+00  0.00000E+00  0.00000E+00  0.00000E+00  0.00000E+00  0.00000E+00  0.00000E+00  0.00000E+00  0.00000E+00  0.00000E+00
 THETA18       0.00000E+00  0.00000E+00  0.00000E+00  0.00000E+00  0.00000E+00  0.00000E+00  0.00000E+00  0.00000E+00  0.00000E+00  0.00000E+00  0.00000E+00  0.00000E+00  0.00000E+00  0.00000E+00  0.00000E+00  0.00000E+00  0.00000E+00  0.00000E+00  0.00000E+00  0.00000E+00  0.00000E+00  0.00000E+00  0.00000E+00  0.00000E+00  0.00000E+00  0.00000E+00  0.00000E+00  0.00000E+00  0.00000E+00  0.00000E+00  0.00000E+00  0.00000E+00  0.00000E+00
 THETA19       0.00000E+00  0.00000E+00  0.00000E+00  0.00000E+00  0.00000E+00  0.00000E+00  0.00000E+00  0.00000E+00  0.00000E+00  0.00000E+00  0.00000E+00  0.00000E+00  0.00000E+00  0.00000E+00  0.00000E+00  0.00000E+00  0.00000E+00  0.00000E+00  0.00000E+00  0.00000E+00  0.00000E+00  0.00000E+00  0.00000E+00  0.00000E+00  0.00000E+00  0.00000E+00  0.00000E+00  0.00000E+00  0.00000E+00  0.00000E+00  0.00000E+00  0.00000E+00  0.00000E+00
 THETA20       0.00000E+00  0.00000E+00  0.00000E+00  0.00000E+00  0.00000E+00  0.00000E+00  0.00000E+00  0.00000E+00  0.00000E+00  0.00000E+00  0.00000E+00  0.00000E+00  0.00000E+00  0.00000E+00  0.00000E+00  0.00000E+00  0.00000E+00  0.00000E+00  0.00000E+00  0.00000E+00  0.00000E+00  0.00000E+00  0.00000E+00  0.00000E+00  0.00000E+00  0.00000E+00  0.00000E+00  0.00000E+00  0.00000E+00  0.00000E+00  0.00000E+00  0.00000E+00  0.00000E+00
 SIGMA(1,1)    9.70357E-02  1.78222E-01  1.07317E-02  1.22518E-01  7.52433E-03 -4.65207E-03 -4.46703E-02 -4.78581E-02 -9.03105E-02 -3.42185E-02  4.52785E-02  3.18853E-02 -6.31742E-03 -4.96268E-02 -1.89683E-02  0.00000E+00  0.00000E+00  0.00000E+00  0.00000E+00  0.00000E+00  1.51761E-03  0.00000E+00 -2.41926E-02 -5.00346E-02  6.65515E-02 -4.90474E-02  4.09827E-02  6.68695E-02 -9.81721E-02 -6.34627E-02  9.24075E-02 -6.49458E-02 -3.17036E-02
 SIGMA(2,1)    0.00000E+00  0.00000E+00  0.00000E+00  0.00000E+00  0.00000E+00  0.00000E+00  0.00000E+00  0.00000E+00  0.00000E+00  0.00000E+00  0.00000E+00  0.00000E+00  0.00000E+00  0.00000E+00  0.00000E+00  0.00000E+00  0.00000E+00  0.00000E+00  0.00000E+00  0.00000E+00  0.00000E+00  0.00000E+00  0.00000E+00  0.00000E+00  0.00000E+00  0.00000E+00  0.00000E+00  0.00000E+00  0.00000E+00  0.00000E+00  0.00000E+00  0.00000E+00  0.00000E+00
 SIGMA(2,2)    1.56250E-03 -2.47416E-02 -5.08064E-02 -4.87635E-03 -2.84760E-02  4.91895E-03  8.16131E-03  3.22888E-02 -6.07586E-02  7.90420E-02  2.53220E-02 -1.18969E-02 -6.82798E-02 -3.93701E-02  5.58453E-02  0.00000E+00  0.00000E+00  0.00000E+00  0.00000E+00  0.00000E+00 -2.41926E-02  0.00000E+00  3.45924E+00 -1.96665E-03 -5.15511E-03 -1.49810E-03  1.72149E-02  4.39987E-03 -3.39270E-02 -3.02618E-02  1.90726E-03  3.40138E-02 -5.64211E-02
 OMEGA(1,1)   -3.37060E-02 -8.19071E-02  5.97083E-02  1.47760E-01 -8.27408E-02  2.90213E-02  2.25611E-02  4.85539E-03  1.53742E-02  1.40661E-02 -1.91468E-02 -7.36030E-02  8.91725E-02  1.24394E-01 -1.92215E-02  0.00000E+00  0.00000E+00  0.00000E+00  0.00000E+00  0.00000E+00 -5.00346E-02  0.00000E+00 -1.96665E-03  2.14346E-02 -1.86580E-01  7.70790E-02 -4.98847E-01  6.84587E-02  4.05383E-02  1.56222E-01 -5.69796E-02 -2.05943E-02  7.38816E-02
 OMEGA(2,1)    5.27127E-02  1.18166E-02 -7.57675E-03 -1.07466E-02 -3.44742E-02 -1.85662E-02 -4.12294E-02 -6.75048E-02 -4.84450E-02 -2.96108E-03 -2.74899E-02  4.12515E-02  8.94100E-03  8.97235E-03 -5.51038E-03  0.00000E+00  0.00000E+00  0.00000E+00  0.00000E+00  0.00000E+00  6.65515E-02  0.00000E+00 -5.15511E-03 -1.86580E-01  1.98959E-02 -2.10463E-01 -3.10963E-01 -3.17314E-01  1.42275E-01 -1.60632E-01  1.49923E-01 -6.03970E-02 -8.74902E-02
 OMEGA(2,2)   -3.72781E-02 -5.34731E-02  4.22423E-02  7.29496E-02 -4.77098E-02  2.17381E-02  8.06850E-03  2.48371E-02  1.95773E-02  9.71240E-03  1.41097E-02 -3.34322E-02  1.23880E-03  2.92868E-02  6.10378E-02  0.00000E+00  0.00000E+00  0.00000E+00  0.00000E+00  0.00000E+00 -4.90474E-02  0.00000E+00 -1.49810E-03  7.70790E-02 -2.10463E-01  3.48564E-02  3.31106E-02 -5.08259E-01  1.59178E-01  5.93497E-02 -2.00896E-01  1.02604E-01  3.31114E-02
 OMEGA(3,1)    1.00766E-02 -9.81758E-02  2.77079E-02  1.45048E-01 -2.21384E-01 -6.52624E-02  2.47355E-02  4.22479E-02 -5.12049E-02 -1.93792E-03  1.34071E-02  4.23698E-02 -8.35704E-02 -1.62424E-01  3.03244E-02  0.00000E+00  0.00000E+00  0.00000E+00  0.00000E+00  0.00000E+00  4.09827E-02  0.00000E+00  1.72149E-02 -4.98847E-01 -3.10963E-01  3.31106E-02  4.23726E-02  9.64010E-02 -5.18057E-01  3.48679E-02 -8.78444E-02  2.87672E-02 -1.84656E-02
 OMEGA(3,2)    1.14968E-02  8.38604E-02 -4.25770E-02 -4.73455E-03 -4.14868E-02 -9.42010E-03 -7.71266E-03  7.53378E-03 -5.92090E-02 -8.96476E-02 -9.97052E-03  9.14077E-03 -1.84690E-03 -9.16067E-03 -8.10494E-02  0.00000E+00  0.00000E+00  0.00000E+00  0.00000E+00  0.00000E+00  6.68695E-02  0.00000E+00  4.39987E-03  6.84587E-02 -3.17314E-01 -5.08259E-01  9.64010E-02  5.80631E-02 -5.40056E-01  3.17832E-03  1.30037E-01 -1.90183E-01  1.16859E-02
 OMEGA(3,3)    4.71756E-03  2.07488E-01 -8.47273E-02 -3.48022E-01  4.96947E-01  7.90401E-02 -3.13664E-03 -4.93043E-02  1.33943E-01  6.10460E-02  6.08487E-02 -3.59090E-02 -3.06519E-02  2.34193E-02  8.69217E-02  0.00000E+00  0.00000E+00  0.00000E+00  0.00000E+00  0.00000E+00 -9.81721E-02  0.00000E+00 -3.39270E-02  4.05383E-02  1.42275E-01  1.59178E-01 -5.18057E-01 -5.40056E-01  2.12210E-01 -2.20081E-02  3.30758E-02  1.60607E-01  4.12408E-02
 OMEGA(4,1)   -6.65902E-02 -7.65288E-02  2.65366E-02  2.62160E-02 -4.25825E-02  1.94383E-02  4.36048E-02  4.09907E-02  3.22061E-02  5.34445E-03 -6.75185E-03 -8.83554E-02 -5.43698E-02  1.76347E-02  5.78699E-02  0.00000E+00  0.00000E+00  0.00000E+00  0.00000E+00  0.00000E+00 -6.34627E-02  0.00000E+00 -3.02618E-02  1.56222E-01 -1.60632E-01  5.93497E-02  3.48679E-02  3.17832E-03 -2.20081E-02  1.09352E-02 -2.20614E-01 -3.02412E-01  2.52981E-01
 OMEGA(4,2)    3.82900E-02  7.50496E-02  9.94666E-04 -2.35080E-02  6.22976E-02 -4.07677E-02 -1.52458E-02 -2.22310E-03 -3.89001E-02  5.56022E-02  5.36624E-03  5.59806E-02 -2.57837E-02 -6.46588E-04 -2.69443E-02  0.00000E+00  0.00000E+00  0.00000E+00  0.00000E+00  0.00000E+00  9.24075E-02  0.00000E+00  1.90726E-03 -5.69796E-02  1.49923E-01 -2.00896E-01 -8.78444E-02  1.30037E-01  3.30758E-02 -2.20614E-01  1.37280E-02 -4.32591E-01 -2.08705E-01
 OMEGA(4,3)   -1.32790E-02 -5.09240E-02 -2.95198E-02 -1.06274E-02  4.48277E-02  1.82901E-02  3.10245E-02 -1.25577E-02  9.82008E-02 -1.24589E-02  6.22577E-02 -3.82895E-02  9.53859E-02  1.37230E-02  3.10846E-02  0.00000E+00  0.00000E+00  0.00000E+00  0.00000E+00  0.00000E+00 -6.49458E-02  0.00000E+00  3.40138E-02 -2.05943E-02 -6.03970E-02  1.02604E-01  2.87672E-02 -1.90183E-01  1.60607E-01 -3.02412E-01 -4.32591E-01  2.69636E-02  1.12179E-01
 OMEGA(4,4)   -1.27942E-02  9.39167E-03  2.58515E-02  1.23635E-02  4.50033E-02  5.88968E-03  3.34486E-02 -1.49409E-02  4.05955E-03  3.04199E-02  2.05621E-02 -1.33430E-01 -3.78939E-02  8.03437E-03  1.47352E-02  0.00000E+00  0.00000E+00  0.00000E+00  0.00000E+00  0.00000E+00 -3.17036E-02  0.00000E+00 -5.64211E-02  7.38816E-02 -8.74902E-02  3.31114E-02 -1.84656E-02  1.16859E-02  4.12408E-02  2.52981E-01 -2.08705E-01  1.12179E-01  9.96947E-03
